132262
132262
132263
132263
132263
132263
132263
132264
132264
132264
132264
0.00532187
132265
132265
132265
132265
132265
132266
132266
132266
132266
132267
132267
132267
132267
132267
132267
132268
132268
132268
132268
132268
132269
132269
132269
132269
132269
132270
132270
132270
132270
132270
132271
132271
132271
132271
132271
132272
132272
132272
132272
132272
132273
132273
132273
0.00452095
132273
132274
132274
132274
132274
132274
132275
132275
132275
132275
132275
132276
132276
132276
132276
132276
132277
132277
132277
132277
132277
132277
132278
132278
132278
132278
132278
132279
132279
132279
132279
132279
132280
132280
132280
132280
132280
132281
132281
132281
132281
132281
132282
132282
