132117
0.039616
0.0484132
0.0354428
0.0355802
0.035519
0.0354361
0.034349
0.0341659
0.0340822
0.03989
0.0375874
0.0497711
0.0395963
0.028981
0.0390401
0.0374382
0.0349814
0.0249053
0.0238308
0.0451743
0.0390654
0.0355474
0.0383801
0.0327183
0.042517
0.0470276
0.0392907
0.0373407
0.0389138
0.037486
0.0393934
0.0397017
0.0366499
0.0347359
0.0368603
0.0299911
0.0313987
0.0297574
0.030541
0.035298
0.0269674
0.0272323
0.0393819
0.0292738
0.0302283
0.0378365
0.0335493
0.0277004
0.0259261
0.0244324
0.0307727
0.0278236
0.0337901
0.041056
0.0305848
0.0354791
0.0345543
0.0336302
0.0359256
0.0249945
0.0317595
0.0321511
0.0367226
0.0357677
0.0354472
0.0395655
0.030524
0.0292967
0.0367364
0.044855
0.0369353
0.0267546
0.0333097
0.0377746
0.0357677
0.0291669
0.0316589
0.0390807
0.0331344
0.0400834
0.0276416
0.0293181
0.0327412
0.029532
0.0318819
0.0420654
0.0373384
0.0351598
0.0344284
0.0359469
0.0413173
0.0371307
0.0295514
0.0233378
0.0281875
0.0380138
0.035386
0.0393117
0.035232
0.036132
0.041056
0.0490992
0.0411488
0.0623218
0.0401943
0.0392757
0.0510615
0.0404892
0.0490076
0.0410138
0.0485695
0.0407773
0.039224
0.0684004
0.0404142
0.0406656
0.0414808
0.0409179
0.0420464
0.0428304
0.033344
0.0305303
0.0315195
0.0406226
0.039108
0.0329394
0.0298285
0.028904
0.0308887
0.0431695
0.0309519
0.0324914
0.0438417
0.0359524
0.0313273
0.0331162
0.0318973
0.0391194
0.0275062
0.0394131
0.028501
0.0297337
0.0334826
0.0288756
0.02788
0.041761
0.0367601
0.0326181
0.0270088
0.0434541
0.0363969
0.0376242
0.0420729
0.0363168
0.045256
0.0411231
0.0389935
0.0320141
0.0345436
0.036468
0.0327037
0.0424052
0.0310561
0.0371856
0.0391277
0.0390965
0.0396954
0.0286387
0.0304612
0.0329962
0.0340609
0.0278315
0.0295865
0.0292178
0.0280758
0.0294227
0.0344086
0.0281883
0.0423906
0.0315199
0.0322186
0.0325916
0.0290883
0.0338248
0.0405188
0.0332062
0.0377951
0.0278615
0.0392773
0.0274202
0.0269508
0.0273459
0.033903
0.0304221
0.0419998
0.0270404
0.0273811
0.0352834
0.0389765
0.0333405
0.000452766
0.000428687
0.000394344
0.000442503
0.000430266
0.00043816
0.000461055
0.000432239
0.000428687
0.000435397
0.000426713
0.000441713
0.000435002
0.000421976
0.000388818
0.000443687
0.000429871
0.000412108
0.000393555
0.000395529
0.000434608
0.00039395
0.000447634
0.000434213
0.00043895
0.000440529
0.000441713
0.000442503
0.000441713
0.000439345
0.000414476
0.000439345
0.000442897
0.000429476
0.000451582
0.00039316
0.000412108
0.000444476
0.000414081
0.000458687
0.000391186
0.000455924
0.000440134
0.000414081
0.000429476
0.000440924
0.000386844
0.000292502
0.000416055
0.000435397
0.000292107
0.000366318
0.000290923
0.000419608
0.000442108
0.000442897
0.000379739
0.000440924
0.000392371
0.000455134
0.00031816
0.000292502
0.000414871
0.000403423
0.000292107
0.000292107
0.000292107
0.000412108
0.000441713
0.000443292
0.000439739
0.00044566
0.000469345
0.000444476
0.000436187
0.000437371
0.000444081
0.000446845
0.000442503
0.000422371
0.000401055
0.000441318
0.000411318
0.000390002
0.000442108
0.000384871
0.000454345
0.000424739
0.000593688
0.000421581
0.000404213
0.000418818
0.000440134
0.000383292
0.000404213
0.000418423
0.000434608
0.000421976
0.000433818
0.000444081
0.000418818
0.000405397
0.000404213
0.000455134
0.00045316
0.000429871
0.000412108
0.000427502
0.000425923
0.000441713
0.000468555
0.000444476
0.00039395
0.00043816
0.000440529
0.000458687
0.000426713
0.000470134
0.000439345
0.000432239
0.000462239
0.000439345
0.000420397
0.000414871
0.000426318
0.000384081
0.000418818
0.000406976
0.00041645
0.000437766
0.000433424
0.000439345
0.000440529
0.000427108
0.00040816
0.000440134
0.000443292
0.000443292
0.000409344
0.00043895
0.000446845
0.000435792
0.000388423
0.000395923
0.000448818
0.000420397
0.000447239
0.000380134
0.000433818
0.000412108
0.000414476
0.000394739
0.000437371
0.000395923
0.000413687
0.000397502
0.000464213
0.000452371
0.000399081
0.000418818
0.000440529
0.000448818
0.000471318
0.000442897
0.000441713
0.000448424
0.000442897
0.000444081
0.00044645
0.000428292
0.000418029
0.000465003
0.000416055
0.000441318
0.000418423
0.000441318
0.000389607
0.000456713
0.000391186
0.000468555
0.000405792
0.000398686
0.000418818
0.000438555
0.000468555
0.00227725
0.000438555
0.000395923
0.000440924
0.00039395
0.000448424
0.000377371
0.000404608
0.000392371
0.000399476
0.000406581
0.000396713
0.000424345
0.000397108
0.000292107
